48
50
49
51
52
1041
50
55
56
97
54
50
54
73
55
74
95
33
55
51
55
56
51
18
59
49
77
52
52
234
639
57
474
72
1433
51
50
54
50
58
57
52
850
58
100
567
82
55
134
539
186
268
124
228
480
55
58
77
252
224
100
180
1011
824
52
688
75
127
81
71
57
139
105
58
218
122
60
75
119
140
141
316
560
57
83
130
101
51
52
49
67
51
54
905
100
55
58
76
513
283
205
134
78
198
248
56
47
48
344
198
188
678
95
54
55
482
76
101
886
13
80
418
59
53
885
60
705
84
85
75
59
395
129
100
53
113
78
120
1034
70
56
57
139
490
81
178
148
286
515
48
59
161
246
109
82
55
53
76
842
333
268
608
107
115
229
83
402
81
299
112
256
165
107
123
1052
75
139
541
53
